-0.8000 0.1062 -0.8557
-0.8265 0.2655 -0.8711
-0.7686 0.4368 -0.8871
-0.6359 0.5623 -0.8835
-0.5008 0.6226 -0.8138
-0.3029 0.6516 -0.6631
-0.0833 0.6516 -0.4768
0.1339 0.6443 -0.2967
0.3415 0.6443 -0.2114
0.4863 0.6443 -0.3033
0.6480 0.5551 -0.4839
0.7807 0.4778 -0.6684
0.8748 0.3765 -0.8159
0.8965 0.2848 -0.8807
0.8893 0.1496 -0.8824
0.8603 0.0241 -0.8666
0.8000 -0.1062 -0.8501
-0.0688 -0.0579 -0.0738
-0.1701 -0.1351 0.0527
-0.3294 -0.1279 0.1346
-0.4477 -0.0507 0.1808
-0.5152 0.0507 0.1918
0.2039 -0.0531 0.1986
0.2811 -0.1665 0.1886
0.4066 -0.1689 0.1452
0.5225 -0.1207 0.0664
0.6166 -0.0290 -0.0619
0.0615 0.0386 0.1415
0.0471 0.1231 0.2018
0.0688 0.1424 0.2893
0.0712 0.1713 0.2894
0.1002 0.1834 0.0735
0.1267 0.2172 0.1024
0.0857 0.2389 0.1173
0.0398 0.2365 0.1016
-0.0109 0.2293 0.0713
-0.0905 0.0314 -0.0058
-0.1267 -0.0459 0.0834
-0.2570 -0.0845 0.0888
-0.3463 -0.0579 0.0487
-0.4211 -0.0048 0.0764
-0.4477 0.1062 0.0570
0.2305 0.0241 0.0574
0.2763 -0.0869 0.0997
0.3560 -0.1134 0.0966
0.4863 -0.0700 0.0058
0.5538 0.0048 0.0661
0.5732 0.0652 0.0849
-0.0905 0.3958 -0.1399
-0.0615 0.3917 0.0106
-0.0229 0.3866 0.1013
0.0205 0.3815 0.1112
0.0905 0.3779 0.1024
0.1653 0.3854 0.0080
0.2015 0.3982 -0.1486
0.1508 0.4249 -0.0193
0.1195 0.4306 0.0498
0.0567 0.4393 0.0609
-0.0012 0.4413 0.0515
-0.0591 0.4332 -0.0166
0.0036 0.4296 -0.1429
-0.0123 0.4247 0.0396
0.0471 0.4127 0.0642
0.1021 0.3934 0.0391
0.1050 0.3910 -0.1528
0.1264 0.3946 0.0391
0.0731 0.4211 0.0642
0.0172 0.4308 0.0396
