190.0000 451.0000 1.0000
179.0000 517.0000 1.0000
203.0000 588.0000 1.0000
258.0000 640.0000 1.0000
314.0000 665.0000 1.0000
396.0000 677.0000 1.0000
487.0000 677.0000 1.0000
577.0000 674.0000 1.0000
663.0000 674.0000 1.0000
723.0000 674.0000 1.0000
790.0000 637.0000 1.0000
845.0000 605.0000 1.0000
884.0000 563.0000 1.0000
893.0000 525.0000 1.0000
890.0000 469.0000 1.0000
878.0000 417.0000 1.0000
853.0000 363.0000 1.0000
493.0000 383.0000 1.0000
451.0000 351.0000 1.0000
385.0000 354.0000 1.0000
336.0000 386.0000 1.0000
308.0000 428.0000 1.0000
606.0000 385.0000 1.0000
638.0000 338.0000 1.0000
690.0000 337.0000 1.0000
738.0000 357.0000 1.0000
777.0000 395.0000 1.0000
547.0000 423.0000 1.0000
541.0000 458.0000 1.0000
550.0000 466.0000 1.0000
551.0000 478.0000 1.0000
563.0000 483.0000 1.0000
574.0000 497.0000 1.0000
557.0000 506.0000 1.0000
538.0000 505.0000 1.0000
517.0000 502.0000 1.0000
484.0000 420.0000 1.0000
469.0000 388.0000 1.0000
415.0000 372.0000 1.0000
378.0000 383.0000 1.0000
347.0000 405.0000 1.0000
336.0000 451.0000 1.0000
617.0000 417.0000 1.0000
636.0000 371.0000 1.0000
669.0000 360.0000 1.0000
723.0000 378.0000 1.0000
751.0000 409.0000 1.0000
759.0000 434.0000 1.0000
484.0000 571.0000 1.0000
496.0000 557.0000 1.0000
512.0000 551.0000 1.0000
530.0000 548.0000 1.0000
559.0000 548.0000 1.0000
590.0000 555.0000 1.0000
605.0000 572.0000 1.0000
584.0000 594.0000 1.0000
571.0000 600.0000 1.0000
545.0000 605.0000 1.0000
521.0000 605.0000 1.0000
497.0000 598.0000 1.0000
523.0000 585.0000 1.0000
496.0000 578.0000 1.0000
523.0000 571.0000 1.0000
547.0000 569.0000 1.0000
565.0000 569.0000 1.0000
589.0000 571.0000 1.0000
568.0000 585.0000 1.0000
547.0000 588.0000 1.0000
