29 31 30
31 29 42
21 0 20
0 21 1
0 69 20
69 0 70
0 1 70
70 1 2
69 68 77
2 1 41
2 41 3
2 71 70
71 2 3
4 41 48
41 4 3
71 4 72
4 71 3
38 36 39
36 38 37
72 4 73
4 5 73
5 4 48
27 36 17
36 27 28
5 6 73
6 5 59
35 30 34
30 35 28
6 7 73
7 6 58
26 47 46
47 26 15
73 7 8
8 7 55
54 42 47
42 54 32
73 8 9
9 8 54
10 74 9
74 10 11
9 74 73
10 9 54
13 11 47
11 13 12
75 11 12
11 75 74
11 10 47
13 47 14
42 44 45
44 42 43
75 12 13
45 25 46
25 45 24
75 13 14
27 29 28
29 27 42
75 15 16
15 75 14
15 14 47
28 35 36
75 16 76
16 15 26
79 16 25
16 79 76
17 23 22
23 17 18
18 38 19
38 18 37
22 23 43
18 17 37
41 36 35
36 41 39
19 78 18
78 19 77
20 77 19
77 20 69
20 19 39
21 20 40
41 1 21
17 22 27
22 43 42
23 18 78
23 78 24
79 25 24
23 24 44
16 26 25
25 26 46
27 22 42
52 33 32
33 52 34
30 28 29
34 30 33
66 55 56
55 66 65
31 33 30
33 31 32
56 7 57
7 56 55
47 42 46
31 42 32
10 54 47
60 59 61
59 60 58
49 35 50
35 49 41
35 34 51
48 41 49
40 41 21
41 40 39
17 36 37
19 38 39
20 39 40
45 46 42
43 23 44
24 45 44
32 54 53
59 5 48
48 49 61
50 35 51
49 50 62
51 34 52
67 56 57
56 67 66
50 51 62
60 63 67
63 60 62
51 52 63
52 32 53
65 64 53
64 65 66
52 53 64
8 55 54
53 54 65
54 55 65
52 64 63
57 7 58
57 60 67
60 57 58
49 62 61
58 6 59
59 48 61
61 62 60
51 63 62
63 64 67
64 66 67
24 78 79
