-0.8000 -0.0139 -0.8557
-0.8347 0.1287 -0.8711
-0.8465 0.3052 -0.8871
-0.8017 0.4817 -0.8835
-0.6258 0.6734 -0.8138
-0.4911 0.7315 -0.6631
-0.3286 0.7779 -0.4768
-0.1637 0.8221 -0.2967
0.0058 0.8337 -0.2114
0.2078 0.8128 -0.3033
0.4052 0.7315 -0.4839
0.5910 0.6154 -0.6684
0.6907 0.5202 -0.8159
0.7814 0.3855 -0.8807
0.8116 0.2229 -0.8824
0.8093 0.0813 -0.8666
0.8000 0.0139 -0.8501
-0.7307 -0.1836 -0.0738
-0.6391 -0.2331 0.0527
-0.5351 -0.2466 0.1346
-0.4311 -0.2346 0.1808
-0.3362 -0.1997 0.1918
0.3082 -0.1699 0.1986
0.4070 -0.2189 0.1886
0.5143 -0.2360 0.1452
0.6190 -0.2105 0.0664
0.6890 -0.1368 -0.0619
0.0555 0.0148 0.1415
0.0428 0.0972 0.2018
0.0295 0.1789 0.2893
0.0164 0.2630 0.2894
-0.0555 0.3512 0.0735
-0.0134 0.3540 0.1024
0.0279 0.3572 0.1173
0.0754 0.3503 0.1016
0.1218 0.3457 0.0713
-0.6932 -0.0836 -0.0058
-0.5747 -0.1486 0.0834
-0.4354 -0.1417 0.0888
-0.3216 -0.0882 0.0487
-0.2543 0.0093 0.0764
-0.2612 0.1115 0.0570
0.3100 -0.1161 0.0574
0.4052 -0.1695 0.0997
0.5028 -0.1858 0.0966
0.6560 -0.1347 0.0058
0.7257 -0.0488 0.0661
0.7350 0.0279 0.0849
-0.1800 0.5504 -0.1399
-0.1126 0.5086 0.0106
-0.0154 0.4858 0.1013
0.0227 0.4944 0.1112
0.0664 0.4810 0.1024
0.1454 0.4990 0.0080
0.2325 0.5327 -0.1486
0.1474 0.6113 -0.0193
0.0704 0.6429 0.0498
0.0226 0.6503 0.0609
-0.0204 0.6508 0.0515
-0.0910 0.6341 -0.0166
-0.1375 0.5616 -0.1429
-0.0639 0.5643 0.0396
0.0267 0.5643 0.0642
0.1103 0.5550 0.0391
0.1916 0.5434 -0.1528
0.1126 0.5713 0.0391
0.0267 0.5806 0.0642
-0.0639 0.5782 0.0396
