39 41 38
41 39 40
38 41 36
0 69 17
69 0 70
0 1 70
1 0 36
28 40 27
40 28 41
1 2 70
2 1 41
71 3 72
3 71 2
71 70 2
3 2 41
41 30 31
30 41 29
72 3 4
4 3 41
18 36 17
36 18 37
72 5 6
5 72 4
5 4 48
38 36 37
72 6 7
6 5 48
17 36 0
72 7 73
7 6 59
1 36 41
7 8 73
8 7 58
73 9 74
9 73 8
9 8 56
74 9 10
10 9 55
28 35 29
35 28 42
74 10 11
11 10 54
42 28 27
74 12 13
12 74 11
12 11 54
42 27 22
74 13 14
13 12 35
47 15 14
15 47 16
14 13 47
29 35 30
14 15 75
27 39 21
39 27 40
75 16 76
16 75 15
30 34 33
34 30 35
17 69 18
18 69 68
78 22 27
22 78 79
18 19 37
19 18 77
18 68 77
78 27 21
19 20 38
20 19 77
20 77 21
35 12 54
20 21 38
47 45 46
45 47 44
26 46 45
46 26 16
78 21 77
43 22 23
22 43 42
23 22 79
44 24 25
24 44 23
24 23 79
25 76 26
76 25 24
43 23 44
26 76 16
25 26 45
35 54 53
63 52 53
52 63 62
48 4 41
28 29 41
61 62 67
62 61 50
57 8 58
8 57 56
31 50 49
50 31 32
31 49 48
31 30 32
48 41 31
33 50 32
50 33 51
32 30 33
52 33 34
33 52 51
13 35 47
34 35 52
37 19 38
38 21 39
35 42 47
44 47 43
42 43 47
25 45 44
16 47 46
6 48 59
48 49 60
62 50 51
49 50 61
67 62 66
62 65 66
65 62 63
51 52 62
52 35 53
55 54 10
54 55 64
53 54 64
53 64 63
55 9 56
55 56 65
67 66 58
56 57 66
61 60 49
60 61 67
57 58 66
58 7 59
59 48 60
58 59 67
59 60 67
66 65 56
65 64 55
64 65 63
76 24 79
