29.0000 282.0000 1.0000
14.0530 343.4100 1.0000
8.9770 419.4140 1.0000
28.2820 495.4240 1.0000
104.0000 578.0000 1.0000
162.0000 603.0000 1.0000
232.0000 623.0000 1.0000
303.0000 642.0000 1.0000
376.0000 647.0000 1.0000
463.0000 638.0000 1.0000
548.0000 603.0000 1.0000
628.0000 553.0000 1.0000
670.9120 512.0220 1.0000
710.0000 454.0000 1.0000
723.0000 384.0000 1.0000
722.0000 323.0000 1.0000
718.0000 294.0000 1.0000
58.8430 208.9190 1.0000
98.2930 187.6330 1.0000
143.0550 181.7890 1.0000
187.8630 186.9590 1.0000
228.7110 202.0060 1.0000
506.2230 214.8520 1.0000
548.7730 193.7220 1.0000
594.9800 186.3770 1.0000
640.0760 197.3380 1.0000
670.1950 229.1120 1.0000
397.4150 294.3550 1.0000
391.9470 329.8440 1.0000
386.2230 365.0510 1.0000
380.5700 401.2650 1.0000
349.6210 439.2330 1.0000
367.7500 440.4580 1.0000
385.5130 441.8390 1.0000
405.9480 438.8500 1.0000
425.9650 436.8580 1.0000
75.0000 252.0000 1.0000
126.0000 224.0000 1.0000
186.0000 227.0000 1.0000
235.0000 250.0000 1.0000
264.0000 292.0000 1.0000
261.0000 336.0000 1.0000
507.0000 238.0000 1.0000
548.0000 215.0000 1.0000
590.0000 208.0000 1.0000
656.0000 230.0000 1.0000
686.0000 267.0000 1.0000
690.0000 300.0000 1.0000
296.0000 525.0000 1.0000
325.0000 507.0000 1.0000
366.8500 497.1870 1.0000
383.2870 500.9220 1.0000
402.1100 495.1120 1.0000
436.1290 502.8970 1.0000
473.6010 517.3830 1.0000
436.9820 551.2490 1.0000
403.8030 564.8580 1.0000
383.2120 568.0140 1.0000
364.7020 568.2460 1.0000
334.3150 561.0460 1.0000
314.2770 529.8260 1.0000
346.0000 531.0000 1.0000
385.0000 531.0000 1.0000
421.0000 527.0000 1.0000
456.0000 522.0000 1.0000
422.0000 534.0000 1.0000
385.0000 538.0000 1.0000
346.0000 537.0000 1.0000
