-0.8000 0.3314 -0.8557
-0.7314 0.7429 -0.8711
-0.5943 1.0629 -0.8871
-0.3429 1.2457 -0.8835
-0.1829 1.3600 -0.8138
0.0457 1.4286 -0.6631
0.2971 1.4057 -0.4768
0.5943 1.3600 -0.2967
0.8457 1.2914 -0.2114
1.0743 1.0629 -0.3033
1.1657 0.7429 -0.4839
1.1429 0.4686 -0.6684
1.0514 0.2629 -0.8159
0.9600 0.1029 -0.8807
0.8914 -0.0571 -0.8824
0.8457 -0.1714 -0.8666
0.8000 -0.3314 -0.8501
-1.0743 -0.4457 -0.0738
-0.9600 -0.6514 0.0527
-0.9143 -0.7657 0.1346
-0.8229 -0.8571 0.1808
-0.6400 -0.9029 0.1918
0.0686 -0.7886 0.1986
0.2971 -0.6971 0.1886
0.5943 -0.6057 0.1452
0.8229 -0.4914 0.0664
0.8914 -0.3543 -0.0619
-0.2743 0.1943 0.1415
-0.2743 0.2857 0.2018
-0.2971 0.4000 0.2893
-0.3200 0.5143 0.2894
-0.2971 0.6286 0.0735
-0.1829 0.6514 0.1024
-0.0914 0.6286 0.1173
-0.0229 0.5371 0.1016
-0.0229 0.4457 0.0713
-0.7086 0.2171 -0.0058
-0.7543 0.0800 0.0834
-0.5714 -0.0571 0.0888
-0.4571 -0.0114 0.0487
-0.3886 0.0571 0.0764
-0.3429 0.1943 0.0570
0.2057 0.0800 0.0574
0.2286 -0.1486 0.0997
0.3886 -0.2857 0.0966
0.6400 -0.1714 0.0058
0.7086 -0.0114 0.0661
0.7314 0.1943 0.0849
-0.3886 1.0629 -0.1399
-0.3200 0.9257 0.0106
-0.2286 0.8343 0.1013
-0.1371 0.8343 0.1112
-0.0457 0.8343 0.1024
0.0914 0.9257 0.0080
0.1143 1.0400 -0.1486
0.0457 1.1314 -0.0193
-0.0457 1.1543 0.0498
-0.1371 1.1771 0.0609
-0.2286 1.1543 0.0515
-0.2971 1.1314 -0.0166
-0.2743 1.0400 -0.1429
-0.1829 1.0400 0.0396
-0.1371 1.0400 0.0642
-0.0457 1.0400 0.0391
0.0229 1.0171 -0.1528
-0.0457 0.9943 0.0391
-0.1371 0.9714 0.0642
-0.2057 0.9943 0.0396
