23 43 38
43 23 24
70 0 1
0 70 18
69 18 70
18 69 19
59 5 48
5 59 6
3 48 4
48 3 2
1 0 30
1 2 70
2 1 30
69 68 77
2 3 70
2 30 49
3 71 70
71 3 4
57 7 58
7 57 8
71 4 73
4 5 73
5 4 48
57 67 66
67 57 58
73 5 6
53 63 52
63 53 65
73 6 7
7 6 58
8 56 9
56 8 57
73 7 8
9 74 73
74 9 10
9 73 8
51 63 62
63 51 52
74 10 11
10 9 55
9 56 55
74 11 75
11 10 55
58 6 59
75 11 12
12 11 54
31 28 32
28 31 30
75 12 13
13 12 53
2 49 48
14 75 13
75 14 15
14 13 52
50 32 33
32 50 31
75 15 16
15 14 34
34 14 52
75 16 26
16 15 35
32 28 42
26 16 46
18 20 17
20 18 19
0 17 36
17 0 18
17 20 36
69 77 19
36 20 22
19 77 20
20 77 78
78 23 22
23 78 24
29 40 28
40 29 37
22 20 78
22 23 38
38 43 39
79 24 78
24 79 25
44 24 25
24 44 43
76 75 25
25 26 44
26 25 75
46 16 27
27 16 35
39 43 42
37 29 41
47 33 42
33 47 34
0 36 29
0 29 30
29 28 30
31 50 49
30 31 49
52 33 34
33 52 51
42 28 40
15 34 35
33 32 42
27 34 47
34 27 35
36 22 37
29 36 41
22 38 37
36 37 41
38 40 37
40 38 39
45 43 44
43 45 47
40 39 42
43 47 42
44 26 45
46 27 47
45 26 46
47 45 46
48 49 60
49 50 61
50 33 51
50 51 61
55 54 11
54 55 64
53 56 65
56 53 55
52 13 53
53 12 64
64 12 54
55 53 64
62 66 67
66 62 65
49 67 58
67 49 61
56 57 66
49 58 59
49 59 60
59 48 60
61 51 62
61 62 67
65 62 63
65 56 66
71 73 72
76 25 79
