128.0000 127.0000 1.0000
120.0000 141.0000 1.0000
115.0000 152.0000 1.0000
113.0000 162.0000 1.0000
118.0000 172.0000 1.0000
131.0000 180.0000 1.0000
145.0000 182.0000 1.0000
155.0000 182.0000 1.0000
166.0000 176.0000 1.0000
172.0000 170.0000 1.0000
176.0000 165.0000 1.0000
179.0000 155.0000 1.0000
179.0000 146.0000 1.0000
174.0000 137.0000 1.0000
172.0000 130.0000 1.0000
170.0000 127.0000 1.0000
167.0000 120.0000 1.0000
114.0000 109.0000 1.0000
110.0000 103.0000 1.0000
112.0000 91.0000 1.0000
122.0000 82.0000 1.0000
143.0000 77.0000 1.0000
155.0000 78.0000 1.0000
168.0000 79.0000 1.0000
174.0000 85.0000 1.0000
173.0000 91.0000 1.0000
172.0000 98.0000 1.0000
137.0000 120.0000 1.0000
122.0000 118.0000 1.0000
126.0000 110.0000 1.0000
137.0000 107.0000 1.0000
145.0000 108.0000 1.0000
155.0000 107.0000 1.0000
164.0000 107.0000 1.0000
174.0000 110.0000 1.0000
170.0000 118.0000 1.0000
119.0000 97.0000 1.0000
128.0000 88.0000 1.0000
139.0000 84.0000 1.0000
145.0000 88.0000 1.0000
146.0000 92.0000 1.0000
145.0000 98.0000 1.0000
153.0000 101.0000 1.0000
155.0000 91.0000 1.0000
163.0000 86.0000 1.0000
168.0000 91.0000 1.0000
170.0000 99.0000 1.0000
166.0000 105.0000 1.0000
126.0820 160.6240 1.0000
137.0000 148.0000 1.0000
146.7020 143.9930 1.0000
153.0000 143.0000 1.0000
159.1990 144.1520 1.0000
166.8280 150.0770 1.0000
175.3880 160.2570 1.0000
167.0000 161.0000 1.0000
160.0000 162.0000 1.0000
153.0000 161.0000 1.0000
146.0000 161.0000 1.0000
137.7690 161.0820 1.0000
131.0170 158.4110 1.0000
146.4930 150.1280 1.0000
152.5540 150.2970 1.0000
158.9950 150.1870 1.0000
170.9060 158.3160 1.0000
158.9090 151.9350 1.0000
153.0000 152.0000 1.0000
147.0000 151.0000 1.0000
