-0.8000 0.1436 -0.8557
-1.1282 0.7179 -0.8711
-1.3333 1.1692 -0.8871
-1.4154 1.5795 -0.8835
-1.2103 1.9897 -0.8138
-0.6769 2.3179 -0.6631
-0.1026 2.4000 -0.4768
0.3077 2.4000 -0.2967
0.7590 2.1538 -0.2114
1.0051 1.9077 -0.3033
1.1692 1.7026 -0.4839
1.2923 1.2923 -0.6684
1.2923 0.9231 -0.8159
1.0872 0.5538 -0.8807
1.0051 0.2667 -0.8824
0.9231 0.1436 -0.8666
0.8000 -0.1436 -0.8501
-1.3744 -0.5949 -0.0738
-1.5385 -0.8410 0.0527
-1.4564 -1.3333 0.1346
-1.0462 -1.7026 0.1808
-0.1846 -1.9077 0.1918
0.3077 -1.8667 0.1986
0.8410 -1.8256 0.1886
1.0872 -1.5795 0.1452
1.0462 -1.3333 0.0664
1.0051 -1.0462 -0.0619
-0.4308 -0.1436 0.1415
-1.0462 -0.2256 0.2018
-0.8821 -0.5538 0.2893
-0.4308 -0.6769 0.2894
-0.1026 -0.6359 0.0735
0.3077 -0.6769 0.1024
0.6769 -0.6769 0.1173
1.0872 -0.5538 0.1016
0.9231 -0.2256 0.0713
-1.1692 -1.0872 -0.0058
-0.8000 -1.4564 0.0834
-0.3487 -1.6205 0.0888
-0.1026 -1.4564 0.0487
-0.0615 -1.2923 0.0764
-0.1026 -1.0462 0.0570
0.2256 -0.9231 0.0574
0.3077 -1.3333 0.0997
0.6359 -1.5385 0.0966
0.8410 -1.3333 0.0058
0.9231 -1.0051 0.0661
0.7590 -0.7590 0.0849
-0.8787 1.5230 -0.1399
-0.4308 1.1661 0.0106
-0.0327 1.0501 0.1013
0.2256 1.0215 0.1112
0.4800 1.0669 0.1024
0.7929 1.2248 0.0080
1.1441 1.5080 -0.1486
0.8000 1.4130 -0.0193
0.5128 1.3745 0.0498
0.2256 1.3317 0.0609
-0.0615 1.3431 0.0515
-0.3992 1.3916 -0.0166
-0.6762 1.4322 -0.1429
-0.0330 1.1103 0.0396
0.2147 1.1343 0.0642
0.4702 1.1307 0.0391
0.9602 1.4283 -0.1528
0.4693 1.1486 0.0391
0.2191 1.1518 0.0642
-0.0280 1.1193 0.0396
