60.00 107.00
63.00 125.00
69.00 139.00
80.00 147.00
87.00 152.00
97.00 155.00
108.00 154.00
121.00 152.00
132.00 149.00
142.00 139.00
146.00 125.00
145.00 113.00
141.00 104.00
137.00 97.00
134.00 90.00
132.00 85.00
130.00 78.00
48.00 73.00
53.00 64.00
55.00 59.00
59.00 55.00
67.00 53.00
98.00 58.00
108.00 62.00
121.00 66.00
131.00 71.00
134.00 77.00
83.00 101.00
83.00 105.00
82.00 110.00
81.00 115.00
82.00 120.00
87.00 121.00
91.00 120.00
94.00 116.00
94.00 112.00
64.00 102.00
62.00 96.00
70.00 90.00
75.00 92.00
78.00 95.00
80.00 101.00
104.00 96.00
105.00 86.00
112.00 80.00
123.00 85.00
126.00 92.00
127.00 101.00
78.00 139.00
81.00 133.00
85.00 129.00
89.00 129.00
93.00 129.00
99.00 133.00
100.00 138.00
97.00 142.00
93.00 143.00
89.00 144.00
85.00 143.00
82.00 142.00
83.00 138.00
87.00 138.00
89.00 138.00
93.00 138.00
96.00 137.00
93.00 136.00
89.00 135.00
86.00 136.00
-5000.00 -5000.00
-5000.00 63.00
-5000.00 127.00
-5000.00 189.00
-5000.00 5255.00
127.00 5255.00
5255.00 5255.00
5255.00 127.00
5255.00 -5000.00
63.00 -5000.00
127.00 -5000.00
189.00 -5000.00
