0 30 1
30 0 36
69 17 70
17 69 18
70 17 0
30 36 29
1 70 0
70 1 2
30 34 33
34 30 35
2 71 70
71 2 3
2 1 49
35 30 29
71 3 4
3 2 48
55 64 54
64 55 63
73 71 4
71 73 72
4 3 58
53 34 47
34 53 52
73 4 5
5 4 56
56 4 57
6 73 5
73 6 7
6 5 55
73 7 8
7 6 54
73 8 74
8 7 53
8 53 9
9 75 74
75 9 10
8 9 74
9 53 10
75 10 11
35 47 34
47 35 42
75 11 12
11 10 47
30 33 32
12 26 75
26 12 13
12 11 47
29 36 41
14 26 13
26 14 15
13 12 47
35 29 28
16 26 15
26 16 25
14 13 46
43 27 40
27 43 42
15 14 46
39 43 40
43 39 22
16 15 45
22 38 21
38 22 39
36 38 39
38 36 37
0 17 37
69 68 19
18 21 38
21 18 19
17 18 38
69 19 18
21 19 20
20 19 68
20 77 21
77 20 68
21 77 22
44 23 24
23 44 43
78 22 77
22 78 23
16 45 24
22 23 43
23 78 24
16 24 25
79 26 25
26 79 75
25 24 78
76 75 79
29 41 28
45 43 44
43 45 42
13 47 46
27 28 41
28 27 35
30 32 31
67 61 60
61 67 66
50 31 32
31 50 49
1 30 31
2 49 48
1 31 49
61 57 58
57 61 62
51 66 50
66 51 52
33 52 51
52 33 34
10 53 47
32 33 51
47 42 46
35 27 42
0 37 36
27 41 40
17 38 37
36 39 40
36 40 41
45 44 24
45 15 46
42 45 46
3 48 59
50 32 51
48 49 60
49 50 67
66 52 65
56 63 55
63 56 62
7 54 53
52 53 65
6 55 54
53 54 64
5 56 55
57 4 58
61 58 60
56 57 62
60 58 59
58 3 59
48 60 59
60 49 67
67 50 66
62 61 66
63 62 65
65 53 64
64 63 65
65 62 66
25 78 79
