361.6520 1299.0480 1.0000
388.7670 1394.2900 1.0000
420.3030 1475.0930 1.0000
462.7430 1548.2380 1.0000
521.2440 1608.9790 1.0000
604.5360 1657.3350 1.0000
702.4930 1692.0970 1.0000
792.0740 1727.3940 1.0000
879.9310 1732.4230 1.0000
964.3540 1709.1750 1.0000
1058.6130 1668.2190 1.0000
1170.3720 1635.7270 1.0000
1274.4970 1585.7240 1.0000
1359.1770 1514.4760 1.0000
1421.4530 1424.8280 1.0000
1465.0850 1324.3290 1.0000
1499.1300 1208.3300 1.0000
306.0020 1105.1000 1.0000
347.9920 1042.3520 1.0000
430.1620 1017.6810 1.0000
518.6560 1003.0220 1.0000
614.6820 991.8060 1.0000
807.8490 1008.3320 1.0000
940.0960 947.9110 1.0000
1087.8840 934.4470 1.0000
1235.6830 975.0210 1.0000
1359.3660 1060.9600 1.0000
749.0200 1233.9710 1.0000
745.3270 1284.6360 1.0000
739.7710 1335.4660 1.0000
734.6370 1387.4750 1.0000
713.9920 1430.1630 1.0000
740.1360 1432.2820 1.0000
768.3150 1432.3630 1.0000
803.0740 1426.3400 1.0000
840.3460 1425.7350 1.0000
388.0000 1275.0000 1.0000
409.0000 1220.0000 1.0000
443.0000 1190.0000 1.0000
489.0000 1182.0000 1.0000
566.0000 1192.0000 1.0000
648.0000 1253.0000 1.0000
940.0000 1206.0000 1.0000
985.0000 1121.0000 1.0000
1081.0000 1099.0000 1.0000
1160.0000 1119.0000 1.0000
1227.0000 1151.0000 1.0000
1269.0000 1192.0000 1.0000
708.9400 1577.9900 1.0000
727.2490 1528.3270 1.0000
759.9640 1502.0380 1.0000
786.1260 1507.5610 1.0000
813.6930 1497.5170 1.0000
865.0330 1517.8650 1.0000
914.0620 1557.3130 1.0000
878.8740 1604.0350 1.0000
836.8810 1624.5230 1.0000
806.0470 1630.0020 1.0000
776.6890 1629.8360 1.0000
740.2740 1615.2480 1.0000
725.0000 1567.0000 1.0000
765.0000 1554.0000 1.0000
791.0000 1548.0000 1.0000
826.0000 1548.0000 1.0000
887.0000 1559.0000 1.0000
831.0000 1564.0000 1.0000
789.0000 1567.0000 1.0000
767.0000 1567.0000 1.0000
