-0.8000 0.0512 -0.8557
-0.7943 0.2107 -0.8711
-0.6975 0.3416 -0.8871
-0.5665 0.4669 -0.8835
-0.4413 0.5352 -0.8138
-0.3445 0.5922 -0.6631
-0.2363 0.6377 -0.4768
-0.1395 0.6320 -0.2967
-0.0541 0.6320 -0.2114
0.0655 0.6149 -0.3033
0.2420 0.5580 -0.4839
0.3786 0.5352 -0.6684
0.5210 0.5011 -0.8159
0.6064 0.4384 -0.8807
0.6918 0.3473 -0.8824
0.7772 0.1537 -0.8666
0.8000 -0.0512 -0.8501
-0.2591 -0.2448 -0.0738
-0.3730 -0.3132 0.0527
-0.5039 -0.3302 0.1346
-0.6121 -0.3246 0.1808
-0.7032 -0.2448 0.1918
0.2534 -0.2448 0.1986
0.4185 -0.3075 0.1886
0.5665 -0.2904 0.1452
0.6747 -0.2391 0.0664
0.7374 -0.1708 -0.0619
-0.0085 -0.0683 0.1415
-0.0028 0.0342 0.2018
-0.0085 0.1253 0.2893
-0.0484 0.1708 0.2894
-0.1224 0.2050 0.0735
-0.1110 0.2448 0.1024
-0.0028 0.2391 0.1173
0.0484 0.2505 0.1016
0.0996 0.2107 0.0713
-0.6861 0.0000 -0.0058
-0.6861 -0.1594 0.0834
-0.5836 -0.2562 0.0888
-0.3502 -0.2619 0.0487
-0.2534 -0.1139 0.0764
-0.2534 -0.0057 0.0570
0.2217 -0.0245 0.0574
0.2705 -0.1708 0.0997
0.3900 -0.2391 0.0966
0.5779 -0.1936 0.0058
0.6747 -0.0911 0.0661
0.6577 0.0342 0.0849
-0.2574 0.3944 -0.1399
-0.1452 0.3473 0.0106
-0.0541 0.3189 0.1013
-0.0142 0.3359 0.1112
0.0313 0.3302 0.1024
0.1395 0.3872 0.0080
0.2192 0.4327 -0.1486
0.1167 0.4954 -0.0193
0.0427 0.5011 0.0498
-0.0199 0.5011 0.0609
-0.0826 0.5011 0.0515
-0.1566 0.4669 -0.0166
-0.1737 0.4100 -0.1429
-0.0567 0.3902 0.0396
-0.0142 0.3872 0.0642
0.0370 0.3929 0.0391
0.1053 0.4157 -0.1528
0.0313 0.4214 0.0391
-0.0199 0.4214 0.0642
-0.0598 0.4214 0.0396
