-0.8000 0.0638 -0.8557
-0.7619 0.1978 -0.8711
-0.7175 0.3114 -0.8871
-0.6578 0.4143 -0.8835
-0.5755 0.4998 -0.8138
-0.4584 0.5678 -0.6631
-0.3206 0.6167 -0.4768
-0.1946 0.6663 -0.2967
-0.0710 0.6734 -0.2114
0.0478 0.6407 -0.3033
0.1804 0.5831 -0.4839
0.3376 0.5374 -0.6684
0.4840 0.4670 -0.8159
0.6031 0.3668 -0.8807
0.6907 0.2407 -0.8824
0.7521 0.0994 -0.8666
0.8000 -0.0638 -0.8501
-0.8783 -0.2090 -0.0738
-0.8192 -0.2973 0.0527
-0.7036 -0.3320 0.1346
-0.5792 -0.3526 0.1808
-0.4441 -0.3684 0.1918
-0.1724 -0.3451 0.1986
0.0137 -0.4301 0.1886
0.2215 -0.4491 0.1452
0.4294 -0.3920 0.0664
0.6034 -0.2711 -0.0619
-0.2551 -0.0277 0.1415
-0.2603 0.0435 0.2018
-0.2681 0.1150 0.2893
-0.2754 0.1882 0.2894
-0.3044 0.2482 0.0735
-0.2676 0.2512 0.1024
-0.2280 0.2513 0.1173
-0.1791 0.2429 0.1016
-0.1267 0.2420 0.0713
-0.7629 0.0300 -0.0058
-0.7334 -0.0474 0.0834
-0.6856 -0.0896 0.0888
-0.6209 -0.1008 0.0487
-0.5126 -0.0868 0.0764
-0.3972 -0.0010 0.0570
0.0135 -0.0671 0.0574
0.0768 -0.1866 0.0997
0.2118 -0.2176 0.0966
0.3230 -0.1895 0.0058
0.4172 -0.1444 0.0661
0.4763 -0.0868 0.0849
-0.3115 0.4562 -0.1399
-0.2857 0.3863 0.0106
-0.2397 0.3493 0.1013
-0.2029 0.3571 0.1112
-0.1641 0.3430 0.1024
-0.0919 0.3716 0.0080
-0.0230 0.4271 -0.1486
-0.0725 0.4928 -0.0193
-0.1315 0.5216 0.0498
-0.1749 0.5293 0.0609
-0.2162 0.5291 0.0515
-0.2674 0.5086 -0.0166
-0.2889 0.4407 -0.1429
-0.2326 0.4224 0.0396
-0.1961 0.4140 0.0642
-0.1468 0.4140 0.0391
-0.0610 0.4295 -0.1528
-0.1398 0.4365 0.0391
-0.1989 0.4407 0.0642
-0.2298 0.4407 0.0396
