42 54 35
54 42 47
69 68 77
70 21 0
21 70 69
1 36 2
36 1 0
1 71 70
71 1 2
0 1 70
2 36 41
71 2 3
28 30 41
30 28 29
4 72 3
72 4 73
3 2 48
59 5 48
5 59 6
3 72 71
4 3 48
41 30 31
73 4 5
5 4 48
40 27 41
27 40 17
6 73 5
73 6 7
73 7 8
7 6 59
41 27 28
73 8 9
8 7 58
10 73 9
73 10 11
9 8 57
29 35 33
35 29 28
10 9 55
61 60 49
60 61 67
73 12 74
12 73 11
11 10 54
13 54 47
54 13 12
74 12 13
12 11 54
14 74 13
74 14 15
13 47 14
74 15 75
35 28 42
75 15 16
15 14 47
42 27 43
27 42 28
75 26 25
26 75 16
16 15 47
17 22 27
22 17 18
18 23 22
23 18 78
25 45 24
45 25 46
36 38 40
38 36 37
19 77 78
77 19 20
18 17 39
40 38 39
77 20 69
18 19 78
19 18 39
37 0 21
0 37 36
69 20 21
20 19 38
38 21 20
21 38 37
44 42 43
42 44 45
42 45 47
22 23 44
79 23 78
23 79 24
24 45 44
23 24 44
79 25 24
25 79 75
47 45 46
75 79 76
26 16 46
25 26 46
27 22 43
54 10 55
34 53 52
53 34 35
32 30 33
30 32 31
29 33 30
33 50 32
50 33 51
7 59 58
48 31 49
31 48 41
41 48 2
32 50 49
31 32 49
57 67 66
67 57 58
64 56 65
56 64 55
35 54 53
33 34 52
34 33 35
36 40 41
19 39 38
39 17 40
43 22 44
16 47 46
48 49 60
57 8 58
49 50 61
51 33 52
66 65 57
65 66 62
50 51 61
56 9 57
9 56 55
51 52 62
63 52 53
52 63 62
53 54 64
64 54 55
51 62 61
56 57 65
60 67 59
59 48 60
58 59 67
61 62 66
65 62 63
63 53 64
64 65 63
61 66 67
