0 37 36
37 0 17
71 17 0
17 71 70
17 70 18
41 36 40
36 41 1
1 71 0
71 1 2
1 0 36
71 2 3
2 1 41
21 27 40
27 21 22
3 72 71
72 3 4
3 2 31
37 39 36
39 37 38
72 4 5
4 3 31
20 39 19
39 20 40
72 6 73
6 72 5
5 4 48
55 9 8
9 55 54
73 6 7
6 5 48
30 33 32
33 30 34
73 7 8
7 6 58
35 54 53
54 35 42
8 7 56
10 73 9
73 10 11
73 8 9
42 27 22
27 42 28
10 9 54
37 17 38
73 12 74
12 73 11
11 10 54
74 12 13
12 11 47
28 42 35
13 12 47
42 22 43
74 14 15
14 74 13
14 13 47
34 29 35
29 34 30
74 15 75
15 14 47
30 41 29
41 30 31
75 15 16
16 15 47
42 47 11
47 42 46
38 17 18
69 68 77
40 36 39
18 69 19
69 18 70
69 20 19
20 69 77
18 19 38
28 35 29
20 77 21
42 11 54
20 21 40
21 23 22
23 21 77
45 42 44
42 45 46
22 23 43
23 24 44
24 23 78
75 79 76
79 75 25
26 47 46
47 26 16
24 25 44
25 24 79
79 24 78
16 26 75
25 26 46
26 25 75
31 2 41
27 28 41
50 61 49
61 50 51
33 51 50
51 33 52
28 29 41
57 7 58
7 57 56
33 50 32
31 30 32
48 4 49
4 31 49
66 61 62
61 66 67
31 32 50
51 62 61
62 51 52
33 34 52
34 35 52
44 42 43
38 19 39
27 41 40
43 23 44
44 25 45
45 25 46
6 48 59
49 31 50
48 49 60
57 65 56
65 57 66
62 52 63
52 35 53
55 8 56
52 53 63
53 54 64
54 55 64
65 53 64
53 65 63
55 56 65
65 66 63
60 67 59
67 60 61
57 58 66
58 6 59
49 61 60
58 59 67
59 48 60
58 67 66
63 66 62
65 64 55
23 77 78
