193.0000 391.0000 1.0000
194.0000 419.0000 1.0000
211.0000 442.0000 1.0000
234.0000 464.0000 1.0000
256.0000 476.0000 1.0000
273.0000 486.0000 1.0000
292.0000 494.0000 1.0000
309.0000 493.0000 1.0000
324.0000 493.0000 1.0000
345.0000 490.0000 1.0000
376.0000 480.0000 1.0000
400.0000 476.0000 1.0000
425.0000 470.0000 1.0000
440.0000 459.0000 1.0000
455.0000 443.0000 1.0000
470.0000 409.0000 1.0000
474.0000 373.0000 1.0000
288.0000 339.0000 1.0000
268.0000 327.0000 1.0000
245.0000 324.0000 1.0000
226.0000 325.0000 1.0000
210.0000 339.0000 1.0000
378.0000 339.0000 1.0000
407.0000 328.0000 1.0000
433.0000 331.0000 1.0000
452.0000 340.0000 1.0000
463.0000 352.0000 1.0000
332.0000 370.0000 1.0000
333.0000 388.0000 1.0000
332.0000 404.0000 1.0000
325.0000 412.0000 1.0000
312.0000 418.0000 1.0000
314.0000 425.0000 1.0000
333.0000 424.0000 1.0000
342.0000 426.0000 1.0000
351.0000 419.0000 1.0000
213.0000 382.0000 1.0000
213.0000 354.0000 1.0000
231.0000 337.0000 1.0000
272.0000 336.0000 1.0000
289.0000 362.0000 1.0000
289.0000 381.0000 1.0000
372.4400 377.6960 1.0000
381.0000 352.0000 1.0000
402.0000 340.0000 1.0000
435.0000 348.0000 1.0000
452.0000 366.0000 1.0000
449.0000 388.0000 1.0000
288.2930 451.2640 1.0000
308.0000 443.0000 1.0000
324.0000 438.0000 1.0000
331.0000 441.0000 1.0000
339.0000 440.0000 1.0000
358.0000 450.0000 1.0000
372.0000 458.0000 1.0000
354.0000 469.0000 1.0000
341.0000 470.0000 1.0000
330.0000 470.0000 1.0000
319.0000 470.0000 1.0000
306.0000 464.0000 1.0000
303.0000 454.0000 1.0000
323.5430 450.5220 1.0000
331.0000 450.0000 1.0000
340.0000 451.0000 1.0000
352.0000 455.0000 1.0000
339.0000 456.0000 1.0000
330.0000 456.0000 1.0000
323.0000 456.0000 1.0000
