79.151 94.435
67.545 112.170
54.148 133.786
43.414 157.924
46.563 177.630
65.300 190.905
97.965 195.445
133.261 194.730
158.744 192.373
175.860 188.764
186.954 182.051
198.240 172.239
206.594 157.501
211.826 139.758
216.312 122.484
217.321 106.724
215.801 93.083
58.817 66.348
67.499 58.688
77.662 53.857
88.554 52.452
98.469 54.655
117.650 69.571
137.401 67.320
154.767 66.389
170.903 67.606
180.279 77.114
102.920 79.980
114.854 91.076
126.440 103.035
137.983 114.634
137.094 116.303
144.323 119.013
151.364 119.967
157.723 118.734
166.299 118.258
109.461 93.028
81.279 95.558
78.749 80.901
109.130 88.968
129.724 80.997
132.657 93.547
133.757 94.085
136.576 87.582
154.054 85.417
173.219 85.359
160.762 101.556
144.631 105.001
127.996 159.135
139.042 148.999
147.630 144.206
153.771 146.133
160.603 145.089
167.524 151.017
174.315 161.203
166.063 161.725
159.148 160.594
152.179 160.449
145.705 160.054
137.940 160.661
132.747 157.384
146.979 150.284
153.209 150.868
159.958 151.089
170.220 159.237
159.635 153.365
152.811 153.405
146.526 153.104