-0.8000 0.1493 -0.8557
-0.8427 0.4267 -0.8711
-0.8427 0.6400 -0.8871
-0.6720 0.8747 -0.8835
-0.4587 1.0453 -0.8138
-0.1387 1.2587 -0.6631
0.2880 1.2800 -0.4768
0.5440 1.3013 -0.2967
0.8427 1.2587 -0.2114
1.0347 0.9387 -0.3033
0.9067 0.4480 -0.4839
0.8213 0.2773 -0.6684
0.8213 0.1707 -0.8159
0.8213 0.0640 -0.8807
0.8000 -0.0213 -0.8824
0.8213 -0.0853 -0.8666
0.8000 -0.1493 -0.8501
-0.8213 -0.7893 -0.0738
-0.6293 -0.9813 0.0527
-0.3947 -1.1093 0.1346
-0.1387 -1.2373 0.1808
0.1387 -1.2800 0.1918
0.3520 -1.3013 0.1986
0.6293 -1.3440 0.1886
0.7787 -1.2373 0.1452
0.9280 -1.0240 0.0664
0.8427 -0.7040 -0.0619
0.4160 -0.7893 0.1415
0.3947 -0.5333 0.2018
0.4373 -0.4053 0.2893
0.7573 -0.3413 0.2894
0.8213 -0.2560 0.0735
0.7147 -0.1493 0.1024
0.5013 -0.1280 0.1173
0.3947 -0.1067 0.1016
0.0533 -0.1067 0.0713
-0.3520 -0.4693 -0.0058
-0.4800 -0.7467 0.0834
-0.1600 -0.8320 0.0888
0.2240 -0.8107 0.0487
0.3307 -0.7467 0.0764
0.3307 -0.5333 0.0570
0.4160 -0.6827 0.0574
0.4800 -0.7253 0.0997
0.5227 -0.7680 0.0966
0.6293 -0.8107 0.0058
0.6507 -0.6613 0.0661
0.7360 -0.5760 0.0849
-0.2453 1.1307 -0.1399
0.0107 1.1392 0.0106
0.3307 1.1243 0.1013
0.7642 1.0989 0.1112
0.8853 1.0667 0.1024
0.9740 0.9871 0.0080
0.9493 1.1093 -0.1486
0.9280 1.0732 -0.0193
0.8853 1.1563 0.0498
0.6933 1.1820 0.0609
0.4587 1.2049 0.0515
0.0747 1.2109 -0.0166
-0.1600 1.1520 -0.1429
0.1813 1.1947 0.0396
0.5653 1.1520 0.0642
0.7317 1.1200 0.0391
0.9280 1.0880 -0.1528
0.7932 1.1147 0.0391
0.6421 1.1627 0.0642
0.1813 1.2053 0.0396
