32 33 30
33 32 14
0 1 70
1 0 35
69 17 70
17 69 77
1 3 2
3 1 35
69 68 77
0 70 17
1 2 70
3 35 4
70 2 71
2 3 71
4 35 49
71 3 72
3 4 73
50 35 34
35 50 49
3 73 72
4 5 73
5 4 48
50 11 10
11 50 34
73 5 59
73 59 6
7 63 57
63 7 58
73 6 7
7 6 58
51 10 53
10 51 50
73 8 74
8 73 7
8 7 57
56 74 8
74 56 54
9 64 52
64 9 54
63 58 62
10 75 9
75 10 13
10 9 53
31 75 15
75 31 26
10 11 12
11 34 12
10 12 13
33 14 13
13 12 33
75 13 15
13 14 15
32 15 14
15 32 16
32 30 31
9 75 74
15 16 31
38 41 36
41 38 39
23 45 22
45 23 24
35 41 29
41 35 36
0 17 36
38 19 20
19 38 37
17 18 37
18 17 77
18 77 19
38 36 37
18 19 37
19 77 78
22 39 21
39 22 27
20 19 78
21 78 22
78 21 20
20 21 38
22 78 23
27 22 45
27 45 44
79 25 24
25 79 76
75 26 25
24 23 79
76 75 25
24 25 45
25 26 45
31 30 26
45 46 44
46 45 26
46 28 43
28 46 29
38 21 39
42 40 27
40 42 41
29 46 47
0 36 35
28 29 41
33 12 34
35 29 34
32 31 16
29 30 33
30 29 47
26 30 47
29 33 34
49 5 60
5 49 59
36 17 37
40 41 39
39 27 40
41 42 28
28 42 43
42 27 43
43 27 44
44 46 43
46 26 47
4 49 48
5 48 60
61 6 67
6 61 50
48 49 60
6 50 62
49 50 61
56 66 65
66 56 8
50 51 62
51 53 52
65 52 64
52 65 51
9 52 53
55 56 65
56 55 54
54 9 74
65 64 55
54 55 64
66 8 57
66 63 51
63 66 57
6 62 58
59 49 61
6 59 67
59 61 67
62 51 63
51 65 66
23 78 79
